1300914450
+88687226988
1300 ABSAFE (1300 227 233)
00448452702011
None
03 9016 2623
sales@adventuresafety.com.au
1300 367 152
0249 571117
None
Toll Free: 1800 503 585 - mobile 0427346193
1300 276 653
1300489816
None
03 9018 6669
02 9646 8000
None
None
1300 552 771
02 8094 1627, 0421 812 075
561-747-3434
+61 405 118 127
+4962216720270
+862086014033
1300 133 599
0295345122
02 9970 6999
1300 002 771
0410699470
+61390164299
None
+61 7 55 070 961
1 300 301 767
None
help@support.bookdepository.com
0400680438
1800 887 030
0419-997031
info@buybuildingsupplies.com.au
03 9044 3292
None
02 9029 3519
07 3333 2900
1300739768
None
None
Bookstore@CocoMartini.com
07 3421 3200
sales@besttoy.net
None
03 9988 1137
None
None
0395480779
0449884169
support@cvfracing.com
cyberspace@me.com
03-97032288
None
None
customerservice@dealsdirect.com.au
07 54323260
None
02 9299 9995
61280949043
None
(03) 8358 5334
03 9702 4339
support@drgrab.com.au
(+86) 1325-1450-961
1300 366 136
None
(02) 8307 0302
None
(02) 8188 0988
None
Courier, Australia Post Express, Australia Post eParcel
1300 658 313
1300446707
sales@esold.com.au
1300 554 685
03 9887-2115
08 9467 4025
Courier
admin@faire.com.au
1300 229 706
None
sales@fireequip.com.au
www.fishpond.com.au/Help
02 8810 9194
None
1300551255
+44(0)1229 400620
None
sales@gameoz.com.au
None
None
1300 334 894
None
02 9341 7418
1800 652 211
0434211223
1800 688 644
None
1300 559 684
03 5973 5356
07 5599 9627
1300 791 744
None
(08) 9721 1326
1300 554 878
1300 004 226
1300 654 201
None
1800456252
None
None
1300 303 303
1300 882 503
sales@invictagifts.com.au
1300 781 701
None
02 8004 3033
None
None
None
1800 477 477
(03) 8358 5334
None
None
0404680956
(02) 9700 0676
1300668398
Courier
None
None
1300 727 202
1300 528 378
(08) 9242 1855
1-650-384-0897
02 89852690 
03 9329 4343
1800 251 252
customerservice@manbase.com.au
1800 154 713
1300 628 746
0755243888
None
1800 235 817
1300 638 889
+61262474844
02-80655614
1300 868 486
None
1300727446
1300 871 290
1300 400 122
Sales@MyITSales.com.au
03 9780 1807 
(02) 8667 7874
None
1300 783 819
1300 304 607
1300 225 960
info@noisymotel.com
sales@nswcomputers.com.au
help@nursingangel.com.au
None
0732656228
None
1300 132 151
0393086013
1300 228 051
None
0437111101
None
None
1300 858 360
sales@oz-onestop.com
0433185595
Australia Post Regular, Courier, Australia Post Express, Australia Post eParcel
0881214262
07 5524 3888
None
None
03 9560 2122
None
sales@photovideodirect.com.au
1300 790 430 
None
(02)9114 9224
None
08 9249 9599
Courier, Australia Post Express, Australia Post eParcel
02 9037 4175
1300260072
1300 491 531
0297380939
 08 8263 3372
1300 739 896
1800 337 366
None
0393763886
None
None
03 9329 1222
02 9666 4844
1300 760 125
0396902212
02 9568 8888
1300 937 935
0432380397
None
8613410317632
International, Australia Post Express, Australia Post eParcel
(07) 3356 7161
None
None
07 5524 3888
1800 69 2225
1300 742837
sales@simplywholesale.com.au
0290112078
03 8692 0056
0437 254923
02 94998842
1300 308 002
None
None
(03) 9870-2340
1300 300 683
+612 8004 3033
customerservice@spreester.com.au
None
None
1300 858 394
Surfers Paradise ,Gold Coast
1800 172 208
1300 722 341
sales@tascomputers.com.au
1300 832 448
02 9648 1818
1800 837 837
1800 509 829
1300 880 685
02 9529 3311
(02) 4363 6000
1-800-CARKIT (227 548)
08 9335 8665
(03) 9363 5999
1800-987-323
International, Australia Post Regular, Courier, Australia Post Express, Warehouse pickup, Australia Post eParcel
None
1800 909099
1300 735 995
+86-755-29194488
03 9018 9096
service@topbuy.com.au 
02 4014 1113
None
+61(2) 9828 0156
0412942353
1300554878
None
1300738040
1800 603 778
None
service@vidaxl.com.au
03 9888 8511
cs@voilamart.com
(03) 9016 3340
None
(08) 8352 1006
1300927266
None
1300 900 675 
1300 788 795
None
1300 573 247
1300 096 633
07 5524 3888
02 43884994
+1 800-837-336
02 4323 7795
None
