1800 652 211
0434211223
1800 688 644
None
1300 559 684
03 5973 5356
07 5599 9627
1300 791 744
None
(08) 9721 1326
1300 554 878
1300 004 226
1300 654 201
None
1800456252
None
None
1300 303 303
1300 882 503
sales@invictagifts.com.au
1300 781 701
None
02 8004 3033
None
None
None
1800 477 477
(03) 8358 5334
None
None
0404680956
(02) 9700 0676
1300668398
Courier
None
None
1300 727 202
1300 528 378
(08) 9242 1855
1-650-384-0897
02 89852690 
03 9329 4343
1800 251 252
customerservice@manbase.com.au
1800 154 713
1300 628 746
0755243888
None
1800 235 817
1300 638 889
+61262474844
02-80655614
1300 868 486
None
1300727446
1300 871 290
1300 400 122
Sales@MyITSales.com.au
03 9780 1807 
(02) 8667 7874
None
1300 783 819
1300 304 607
1300 225 960
info@noisymotel.com
sales@nswcomputers.com.au
help@nursingangel.com.au
None
0732656228
None
1300 132 151
0393086013
1300 228 051
None
0437111101
None
None
1300 858 360
sales@oz-onestop.com
0433185595
Australia Post Regular, Courier, Australia Post Express, Australia Post eParcel
0881214262
07 5524 3888
None
None
03 9560 2122
None
sales@photovideodirect.com.au
1300 790 430 
None
(02)9114 9224
None
08 9249 9599
Courier, Australia Post Express, Australia Post eParcel
02 9037 4175
1300260072
1300 491 531
0297380939
 08 8263 3372
1300 739 896
