1300914450
+88687226988
1300 ABSAFE (1300 227 233)
00448452702011
None
03 9016 2623
sales@adventuresafety.com.au
1300 367 152
0249 571117
None
Toll Free: 1800 503 585 - mobile 0427346193
1300 276 653
1300489816
None
03 9018 6669
02 9646 8000
None
None
1300 552 771
02 8094 1627, 0421 812 075
561-747-3434
+61 405 118 127
+4962216720270
+862086014033
1300 133 599
0295345122
02 9970 6999
1300 002 771
0410699470
+61390164299
None
+61 7 55 070 961
1 300 301 767
None
help@support.bookdepository.com
0400680438
1800 887 030
0419-997031
info@buybuildingsupplies.com.au
03 9044 3292
None
02 9029 3519
07 3333 2900
1300739768
None
None
Bookstore@CocoMartini.com
07 3421 3200
sales@besttoy.net
None
03 9988 1137
None
None
0395480779
0449884169
support@cvfracing.com
cyberspace@me.com
03-97032288
None
None
customerservice@dealsdirect.com.au
07 54323260
None
02 9299 9995
61280949043
None
(03) 8358 5334
03 9702 4339
support@drgrab.com.au
(+86) 1325-1450-961
1300 366 136
None
(02) 8307 0302
None
(02) 8188 0988
None
Courier, Australia Post Express, Australia Post eParcel
1300 658 313
1300446707
sales@esold.com.au
1300 554 685
03 9887-2115
08 9467 4025
Courier
admin@faire.com.au
1300 229 706
None
sales@fireequip.com.au
www.fishpond.com.au/Help
02 8810 9194
None
1300551255
+44(0)1229 400620
None
sales@gameoz.com.au
None
None
1300 334 894
None
02 9341 7418
