None
03 9329 4343
03 9874 4397
1800 251 252
(02) 9358 6712
None
0417760224
0 02 8007 5370
info@mammothpetsupplies.com.au
customerservice@manbase.com.au
(02) 9211 2088
08 9535 3754
+61 2 9798 3080
1800 154 713
03 8679 4530
0400 156 668 (Melissa)
1300 628 746
sales@maxisale.com.au
0755243888
1300 361 825
1300 634 228
1800360560
1300 418 494
1800 235 817
0412344465
1300 638 889
sales@milktooth.com.au
None
1300 859033
03 8618 6843
sales@mocka.com.au
None
1300 722 422
sales@motherandbabyshop.com.au
Australia Post Express, Australia Post eParcel
+61 7 55436340
07 3139 1499
sales@mudpies.com.au
1300 883335
1800 686 697
1300727446
1300 871 290
0415 339 530
1300-881-736
07 5427 9618
1300 400 122
0432073991
0433139658
1300 957 454
1300 MY PETS (697 387)
0733935919
sales@mybabystore.com.au
03 9780 1807 
(02) 8667 7874
hello@nameandastory.com.au
None
None
1300 555 632 or 02 66856840
+61 2 9623 8118
customerservice@nestetc.com.au
None
newenglandstationery@gmail.com
1300 304 607
61 411556090
None
0410 869 166
support@notjustretro.com.au
1300 541 596
sales@nswcomputers.com.au
help@nursingangel.com.au
None
None
+61 2 9666 8200
(07) 5456 2969
+8675583047776 
0732656228
sales@onlinekeystore.com
1300 351 461
1300 132 151
0393086013
1300 884 763
1300 725 255
0417670620
(02) 9719-1171 
02 888 10 300
1300 665 320
02 99816933
None
None
0437111101
None
03 9780 1805
03 9780 1809
None
None
1300 858 360
1800 693 746
1800 726 737
0433185595
Australia Post Regular, Courier, Australia Post Express, Australia Post eParcel
