help@support.bookdepository.com
1300 187 187
1300 36 33 32
Australia Post Regular, Australia Post Express
0407336208
1300 668 997
None
0413 945 755
None
0414 719 009
1800 887 030
07 5524 3888
None
0419-997031
1300 141 951
1300657347
02 9759 8884
admin@buyallday.com
info@buybuildingsupplies.com.au
1800 289 622
03 9044 3292
1300 727 056
1300 790109
+61 3 8526 8960
None
(852) 2307 9338
0756652000
02 8005 7891, 03 9018 6677, 07 3102 3142
None
(03) 9543 1069
1300739768
07 4096 6995
None
None
None
(02) 9565 1899
None
 +44 (0)28 9335 2976
(02) 9640 0642
07 3053 8159
beads@cheapbeads.com.au
None
1300 024 364
1300 797 277
+86-755-29194488
1300 787 868
info@cityofgames.com.au
1800 158 019
None
None
o8 9336 2993
sales@clubretail.com.au
Bookstore@CocoMartini.com
02-9979-1767
02 9387 7310
1 800 630 261
sales@computersgalore.com.au
0423252462
1300655269
0395516019
sales@besttoy.net
store@coretees.com.au
1800 672 649
None
02 9487 3333
0296832736
03 9988 1137
07 55193883
enquiries@cosynest.com.au
None
None
None
0409688152
info@craft4kids.com.au
0433695583
1300 232 111
0395480779
03 9818 5055
1800 104 346
0449884169
801-553-2256
None
1300 980 200
03-97032288
03-5728 2690
1300 88 23 83
0395214182
1300 72 33 88
61 39459 7877
(02) 6041 4388
None
customerservice@dealsdirect.com.au
86075526063125
07 54323260
None
03 9756 0444
(03) 9793 9588
None
02 9299 9995
61280949043
