Courier, Australia Post eParcel
07 47703170
02 4014 1113
None
(08) 9467 2558
info@toytoyou.com
1300 961 747
None
+61(2) 9828 0156
1300 664 291
02 9529 4166
0409 692584
03 9770 2223
86-755-61305969, 86-755-61305970, 86-755-61305971,86-18676726122
08448844779
None
None
(08) 7100 1133
07 46614433
1300 VETPRO (1300 838776)
1300 726 966
02 9644 9979, 0433984988
None
service@vidaxl.com.au
03 9888 8511
07 3250 0000
cs@voilamart.com
08 9446 9800
Courier
None
1300927266
1300 900 675 
1300 788 795
1300 73 42 40
03 9584 8671
02 47829806
0473676534
1300 138 615
0432531512
wigglespiggles@outlook.com
07 5593 4180
webshop@wildpair.co.nz
1300 573 247
0296878828
info@woodentoyswholesaler.com.au
1300 096 633
1-800-818-8394
(02) 8004 7156
1300 853 641
1800 115 535
07 5524 3888
0399398865
1300 76 75 21
shopping@yatango.com
03 8684 9079
+852 2786-0817
+1 800-837-336
02 9624 7882
cservice@yoins.com
02 4323 7795
02 98992893
1300 668 317, Mon-Fri 9.00am-5.30pm
info@zazzi.com.au
07 5524 3888
1300 855 999 (+612 9986 3188)
None
