07 3491 8655
0412732067
1800 614 491
1300 78 44 14
0064 800 245 247
None
03 9442-3839
03 5973 5356
None
1300 361 825
1300837606
07 5599 9627
1300 655 141
0417133968
None
1300 791 744
Courier, Australia Post eParcel
None
None
hello@huntingforgeorge.com
0414 755 741
1300 442 897
1300 004 226
1300100423
1300 733 515
1300 654 201
None
None
1800456252
1300 793 460
sales@inflatique.com.au
None
1-248-268-3343
None
02 9660 6605
0451 830 430
1300 303 303
1300 882 503
sales@invictagifts.com.au
0755546699
02 4285 5880
02 8004 3033
None
1300 498 144
0398176639 
0299791767
+61412232324
1800 655 887
02 8569 0240
0438 987 970
1800 477 477
1300 135 955
07-54912266
1300 906 146
None
02 9771 4565
0426505808
0404680956
sales@karouselkids.com.au
None
(02) 9700 0676
07 3339 8084
0452507865
0433260978
0362253483
0419 728 394
1300891581
(3)93526629
08 99331013
03 9349 1118
1300668398
Courier
None
None
None
None
1300 651 671
1300 528 378
None
(08) 9242 1855
1300 982 526
0295184038
1-650-384-0897
Australia Post Regular, Courier
1300 079 886
(08) 8379 1754
1300 791 248
1300405876
sales@littlegecko.com.au
info@littleobsessions.com.au
0424958630
jo@livingeco.com.au
02 89852690 
None
1300 883 586
02-95621110
+61 2 8310 4544
1800 565 333
None
1300 851 423
