0395552473
http://www.2ndsworld.com.au/contact-us
0405 226 197
1300914450
03-9999 7123
0417682763
+88687226988
1300 368 663
None
sales@aplussupplements.com.au
None
1300 ABSAFE (1300 227 233)
+852-3571-9030
00448452702011
02 6162 0083
02 9785 8417
None
0282067799
Australia Post Regular
03 9016 2623
sales@adventuresafety.com.au
1300 311 568
None
02 9620 6031
03 93301062
1300 2872 00
(03) 9758 9898
(02)49343460
Courier, Australia Post eParcel
02 8005 7891, 03 9018 6677, 07 3102 3142
(08) 6396 1884
None
None
Australia Post Regular, Courier, Australia Post Express
1300-000-500
07 5443 8013
1300 276 653
1300489816
None
None
03 9018 7552
03 9670 1412
02 9646 8000
1300 699 005
admin@aussie-well.com
0458 785 964
+61 03 9402 0369
None
1300 85 90 33
contact@australian-native.com.au
1300 37 11 39
admin@australianvitamins.com
None
None
Australia Post Express, Australia Post eParcel
megan@babyblossom.com.au
03 9312 0087
(02) 8663 0000
None
0410402730
1300 355 079
02 97246191
(03)5116 6168
0394292141
None
02 97246191
+4962216720270
08 8232 7100
1300 BAGSTOGO (1300 224 786)
1300 113 680
1300 983 544
+862086014033
None
1300 133 599
1300 668 931
1300 002 771
02 83471081
