sales@fireequip.com.au
www.fishpond.com.au/Help
None
None
02 8810 9194
+44(0)1229 400620
None
sales@gameoz.com.au
None
02 9724 2237
1300 334 894
02 8197-0888 / +61 28197-0888
0499 143 386
None
1800 688 644
02 8677 0520
None
None
07 3491 8655
None
0417133968
1300 791 744
1300 13 25 14
None
hello@huntingforgeorge.com
1300 442 897
1300 733 515
admin@igrab.com.au
1800456252
1300 008 267
03 9789 3547
None
None
0451 830 430
1300 303 303
02 9698 2499
(03) 8353 2319
sales@invictagifts.com.au
None
02 8004 3033
07 3107 1633
None
None
0398176639 
1300 527 665
1800 338 558
02 9599 8885
(02) 9700 0676
0433260978
08 99331013
1300668398
0435 752 324
Courier
None
0449106306
None
1300 651 671
1800 616 872
1-650-384-0897
Australia Post Regular, Courier
1300 079 886
1300405876
03 9794 6509
02 89852690 
02-95621110
None
03 9329 4343
1800 251 252
0 02 8007 5370
0385552123
None
03 8679 4530
0755243888
1300 634 228
1800360560
1800 235 817
0412344465
1300 638 889
02 9570 7787
None
+61262474844
1300510501
1300 859033
sales@mocka.com.au
1300 722 422
(03) 9738 1710 
sales@motherandbabyshop.com.au
Australia Post Express, Australia Post eParcel
1800 686 697
1300727446
1300 856 035
sales@mybabystore.com.au
(02) 8667 7874
1300 225 960
0410 869 166
None
+61 2 9666 8200
info@onlinebathroomware.com.au
None
1300 351 461
