1300 132 151
1300 884 763
1300 725 255
None
None
None
1800 693 746
0433185595
0881214262
(02) 9600 6655
None
03) 4308 0804
None
1300 074 276
1800 884 329
029790 0303
1300 277 372
Courier, Australia Post Express, Australia Post eParcel
02 9037 4175
1300 491 531
1300 739 896
1800 082 936
1800 337 366
0393763886
service@rectatech.com
0296308555
1800 RENOSTORE
1300 338 978
None
help@rightbuy.com.au
None
0408371151
8613410317632
None
None
07 5524 3888
0395605532
1800 69 2225
08 8332 1969 / Mob: 0419 169 513
03 9931 0160
1300 66 77 48
sales@simplywholesale.com.au
1300 748 348
1300 720 295
0290112078
1300 914 007
1300 766 270
1300 556 558
+612 8004 3033
customerservice@spreester.com.au
1800733989
1300 363 835
03 9670 0026 or 03 9670 0028
1300 858 394
Courier, Australia Post Express, Australia Post eParcel
0738007234
0754387778
International
1800 172 208
02 6162 2725
0415 991 492
None
1300 722 341
1300 832 448
02 9648 1818
0414528343
03 9686 7998
1300 880 685
02 9529 3311
1300 85 4441
None
None
02 4032 6452
1800-987-323
1300 795 8288
1800 909099
1300 766 054
1300916304
03.9758.4558
+86-755-29194488
None
service@topbuy.com.au 
1300 687 156
03 9334 2392
07 47703170
None
+61(2) 9828 0156
0409 692584
0280714526
07 46614433
02 9644 9979, 0433984988
service@vidaxl.com.au
07 3250 0000
cs@voilamart.com
Courier
1300927266
1300 900 675 
1300 73 42 40
0432 557 448
1300 096 633
