0395552473
1300914450
+88687226988
(02)8677 4073
02 9760 2273
None
None
0282067799
care@mobsol.com.au
03 93301062
Courier, Australia Post eParcel
None
None
1300 276 653
Australia Post Regular, Australia Post Express
02 9663 5133
02 9646 8000
+61 03 9402 0369
1300 85 90 33
sales@avalankids.com.au
0733799491
(02) 8663 0000
None
1300 355 079
02 97246191
0394292141
None
02 97246191
+862086014033
03 53376399
Courier
1300 132 514
1300 002 771
0398176639 
1300 112 337
07 5551 0338
07 54754443
1300269162
None
 1300 581 745
None
None
None
Australia Post Regular, Australia Post Express
1300 65 78 87
None
02 9759 8884
info@buybuildingsupplies.com.au
03 9044 3292
None
1300 885879
1300739768
None
 +44 (0)28 9335 2976
(02) 9640 0642
1800 SOFA AUS (1800 763 228)
0249319312
1300 024 364
1300 797 277
None
None
None
sales@clubretail.com.au
02 9387 7310
1300655269
07 55193883
enquiries@cosynest.com.au
info@coupleoffavours.com.au
(02)80068685
None
0395480779
1800 104 346
1300 88 23 83
None
customerservice@dealsdirect.com.au
07 54323260
None
03 9756 0444
1300 365 220
None
support@drgrab.com.au
07 37330966
0430482572
(+86) 1325-1450-961
1300 760 664 
None
None
(02) 8188 0988
None
1300 658 313
None
1300446707
sales@esold.com.au
1300 658 600
1300 394 833
1800 148 148
02 8003 3329
admin@faire.com.au
1300 229 706
0397939588
