617 3102 3638
None
02 9660 6605
None
sales@invictagifts.com.au
02 4285 5880
0730401230
Australia Post Express
Courier
1800 640 074 / outside Australia +61 7 5641 4472
61 2 9907 2377
(08) 8379 1754
1300405876
(02) 9358 6712
info@mammothpetsupplies.com.au
08 9535 3754
1800 154 713
0755243888
1300 361 825
1300 432 661
1800 235 817
Australia Post Regular, Australia Post Express
07 5427 9618
None
1300881687
1300 MY PETS (697 387)
info@myhealthhub.com.au
(02) 8065 3789
1800 044 722
None
1300 19 11 99
None
None
(02) 80064733
04 128 350 72
help@nursingangel.com.au
02 4545 2816
1300 837 785
0064 94442886
Australia Post Regular, Courier, Australia Post Express, Australia Post eParcel
07 3103 3366
1300 351 461
1300 132 151
1300 725 255
02 99816933
1300 228 051
admin@ovedshorseandpetstore.com.au 
sales@ozcosmetics.com
1300 557 856
0418 112 008
1300 132 498
None
None
1300 074 276
1800 884 329
(08) 6558 0330
sales-group@thcopa.com
02 8068 4178
1300762218
1300 739 896
(02) 47349010
www.rchnaturalproducts.com.au
03 97633988
03 96466867
None
649 360 5264
0459 643 225
None
02-92018120
0396902212
07 5524 3888
None
03 9041 56 57
1300545387
support@sextoysemporium.com.au
(02) 4950 9561 
1300774542
02 8814 8722
0413060953
1300 889 718
1300732094
sales@simplywholesale.com.au
0242010142
1300088655
1-888-888-3462
02 8005 6088
info@slashsport.com
07 5531 6511
customerservice@spreester.com.au
1300 79 30 70
None
0404777780
02 6581 5636
02 6621 9591 / 0418 992 188
02 9972 9966
07 3123 4877
03 8768 9415
International, Australia Post Regular, Courier, Australia Post Express, Australia Post eParcel
(03) 9528 30 98
03 9010 5484
