03 8529 2833 
0395552473
+88687226988
1300 368 663
None
None
+852-3571-9030
00448452702011
sales@adventuresafety.com.au
1300 311 568
marketing@allbuy.net
contactus@alsoknownas.com.au
02 8005 7891, 03 9018 6677, 07 3102 3142
Australia Post Regular, Courier, Australia Post Express
1300-000-500
None
03 9018 6669
02 9646 8000
1800 203 466
(07) 41593043
+61 03 9402 0369
None
03 9312 0087
None
1300 983 544
+862086014033
sales@beadsonkellystreet.com.au
1300 558 873
07 5551 0338
+61390164299
 1300 581 745
0280057467
1 300 301 767
help@support.bookdepository.com
info@bravojewellery.com
None
03 9044 3292
02-9894-9514
1300 790109
(852) 2307 9338
0756652000
(02) 9565 1899
 +44 (0)28 9335 2976
07 3053 8159
0428915227
+86-755-29194488
02-97734202
(03) 9532 5612
sales@clubretail.com.au
02 9387 7310
sales@computersgalore.com.au
0395516019
1800 672 649
03 9988 1137
None
1300 232 111
0395480779
None
1800 104 346
0403 935 511
03-97032288
1300 88 23 83
1300 85 35 69 and +1 888 203 8053
None
customerservice@dealsdirect.com.au
86075526063125
None
02 9299 9995
0243675512
858.634.5597
None
0410113011
support@drgrab.com.au
853 Broadway, 19th Fl New York, NY 10003
02 8005 6499, 02 6100 3950, 03 9015 7714, 07 3102 3599, 08 9467 7950, 08 8121 5714
(+86) 1325-1450-961
None
None
International, Courier
International, Australia Post Express
sales@esold.com.au
1300 658 600
442033189406
(03) 95488117
+612 8014 4851
None
1800 148 148
Admin@findsomethingspecial.com.au
0397939588
(02)42969222
www.fishpond.com.au/Help
1800 123909
1300 88 58 40
None
02 8810 9194
None
None
support@urbanities.com.au
+44(0)1229 400620
None
