0395552473
http://www.2ndsworld.com.au/contact-us
0405 226 197
1300914450
03-9999 7123
0417682763
+88687226988
1300 368 663
None
sales@aplussupplements.com.au
None
1300 ABSAFE (1300 227 233)
+852-3571-9030
00448452702011
02 6162 0083
02 9785 8417
None
0282067799
Australia Post Regular
03 9016 2623
sales@adventuresafety.com.au
1300 311 568
None
02 9620 6031
03 93301062
1300 2872 00
(03) 9758 9898
(02)49343460
Courier, Australia Post eParcel
02 8005 7891, 03 9018 6677, 07 3102 3142
(08) 6396 1884
None
None
Australia Post Regular, Courier, Australia Post Express
1300-000-500
07 5443 8013
1300 276 653
1300489816
None
None
03 9018 7552
03 9670 1412
02 9646 8000
1300 699 005
admin@aussie-well.com
0458 785 964
+61 03 9402 0369
None
1300 85 90 33
contact@australian-native.com.au
1300 37 11 39
admin@australianvitamins.com
None
None
Australia Post Express, Australia Post eParcel
megan@babyblossom.com.au
03 9312 0087
(02) 8663 0000
None
0410402730
1300 355 079
02 97246191
(03)5116 6168
0394292141
None
02 97246191
+4962216720270
08 8232 7100
1300 BAGSTOGO (1300 224 786)
1300 113 680
1300 983 544
+862086014033
None
1300 133 599
1300 668 931
1300 002 771
02 83471081
sales@beadsonkellystreet.com.au
1300942639
0398176639 
07 5551 0338
1800 998 116
info@bellobubs.com.au
07 54754443
(61)-2-9580 1618
None
03 9024 6914
+61390164299
82314430530
0404945982
None
(03) 95293752
None
1 300 301 767
n/a
0412459690
None
None
(02) 9836 2284
contact@boobooboutique.com.au
help@support.bookdepository.com
1300 187 187
1300 36 33 32
Australia Post Regular, Australia Post Express
0407336208
1300 668 997
None
0413 945 755
None
0414 719 009
1800 887 030
07 5524 3888
None
0419-997031
1300 141 951
1300657347
02 9759 8884
admin@buyallday.com
info@buybuildingsupplies.com.au
1800 289 622
03 9044 3292
1300 727 056
1300 790109
+61 3 8526 8960
None
(852) 2307 9338
0756652000
02 8005 7891, 03 9018 6677, 07 3102 3142
None
(03) 9543 1069
1300739768
07 4096 6995
None
None
None
(02) 9565 1899
None
 +44 (0)28 9335 2976
(02) 9640 0642
07 3053 8159
beads@cheapbeads.com.au
None
1300 024 364
1300 797 277
+86-755-29194488
1300 787 868
info@cityofgames.com.au
1800 158 019
None
None
o8 9336 2993
sales@clubretail.com.au
Bookstore@CocoMartini.com
02-9979-1767
02 9387 7310
1 800 630 261
sales@computersgalore.com.au
0423252462
1300655269
0395516019
sales@besttoy.net
store@coretees.com.au
1800 672 649
None
02 9487 3333
0296832736
03 9988 1137
07 55193883
enquiries@cosynest.com.au
None
None
None
0409688152
info@craft4kids.com.au
0433695583
1300 232 111
0395480779
03 9818 5055
1800 104 346
0449884169
801-553-2256
None
1300 980 200
03-97032288
03-5728 2690
1300 88 23 83
0395214182
1300 72 33 88
61 39459 7877
(02) 6041 4388
None
customerservice@dealsdirect.com.au
86075526063125
07 54323260
None
03 9756 0444
(03) 9793 9588
None
02 9299 9995
61280949043
02 8411 1798
None
None
858.634.5597
1300 28 98 91
02-895 891 39
02 66219591
07 55647039
dragonflyskidzwear@gmail.com
support@drgrab.com.au
853 Broadway, 19th Fl New York, NY 10003
07 37330966
info@dungeoncrawl.com.au
02 8005 6499, 02 6100 3950, 03 9015 7714, 07 3102 3599, 08 9467 7950, 08 8121 5714
(+86) 1325-1450-961
1300 760 664 
None
0404220826
None
1800 655 887
(02) 8188 0988
None
None
International, Courier
03 9014 9494
None
None
Courier, Australia Post Express, Australia Post eParcel
03 9017 5822
1300 658 313
sales@esold.com.au
0499 449 980
sales@eStevia.com.au
07 5432 3287
1300 554 685
(03) 95488117
+612 8014 4851
None
customerservice@ezisports.com.au
1800 148 148
02 8003 3329
admin@faire.com.au
1300 924 860
0398277752
(03) 9943 9026
07 5502 6226
0397939588
9836 3768
(02)42969222
www.fishpond.com.au/Help
None
None
02 6360 0088
1300 78 33 81
None
02 8810 9194
None
info@forthelittleones.com.au
0730402222
support@urbanities.com.au
0732171102
1300551255
1300 136 329
+44(0)1229 400620
None
None
None
services@gadgetdigi.com
02 8033 5570
None
sales@gameoz.com.au
info@games101.com.au
02 46 221 353
None
Courier
02 9724 2237
International, Australia Post Regular, Australia Post Express
0450 578 128 
03 9908 2133
03 9546 1188
+61 295290372
0438066007
None
1300 766 469
02 9341 7418
None
0434211223
0450708815
02 99056380
1800 688 644
1300354393
02 8677 0520
None
None
None
1300 559 684
+61(2) 9828 0156
None
0403259138
02 9602 5713
07 3491 8655
0412732067
1800 614 491
1300 78 44 14
0064 800 245 247
None
03 9442-3839
03 5973 5356
None
1300 361 825
1300837606
07 5599 9627
1300 655 141
0417133968
None
1300 791 744
Courier, Australia Post eParcel
None
None
hello@huntingforgeorge.com
0414 755 741
1300 442 897
1300 004 226
1300100423
1300 733 515
1300 654 201
None
None
1800456252
1300 793 460
sales@inflatique.com.au
None
1-248-268-3343
None
02 9660 6605
0451 830 430
1300 303 303
1300 882 503
sales@invictagifts.com.au
0755546699
02 4285 5880
02 8004 3033
None
1300 498 144
0398176639 
0299791767
+61412232324
1800 655 887
02 8569 0240
0438 987 970
1800 477 477
1300 135 955
07-54912266
1300 906 146
None
02 9771 4565
0426505808
0404680956
sales@karouselkids.com.au
None
(02) 9700 0676
07 3339 8084
0452507865
0433260978
0362253483
0419 728 394
1300891581
(3)93526629
08 99331013
03 9349 1118
1300668398
Courier
None
None
None
None
1300 651 671
1300 528 378
None
(08) 9242 1855
1300 982 526
0295184038
1-650-384-0897
Australia Post Regular, Courier
1300 079 886
(08) 8379 1754
1300 791 248
1300405876
sales@littlegecko.com.au
info@littleobsessions.com.au
0424958630
jo@livingeco.com.au
02 89852690 
None
1300 883 586
02-95621110
+61 2 8310 4544
1800 565 333
None
1300 851 423
None
03 9329 4343
03 9874 4397
1800 251 252
(02) 9358 6712
None
0417760224
0 02 8007 5370
info@mammothpetsupplies.com.au
customerservice@manbase.com.au
(02) 9211 2088
08 9535 3754
+61 2 9798 3080
1800 154 713
03 8679 4530
0400 156 668 (Melissa)
1300 628 746
sales@maxisale.com.au
0755243888
1300 361 825
1300 634 228
1800360560
1300 418 494
1800 235 817
0412344465
1300 638 889
sales@milktooth.com.au
None
1300 859033
03 8618 6843
sales@mocka.com.au
None
1300 722 422
sales@motherandbabyshop.com.au
Australia Post Express, Australia Post eParcel
+61 7 55436340
07 3139 1499
sales@mudpies.com.au
1300 883335
1800 686 697
1300727446
1300 871 290
0415 339 530
1300-881-736
07 5427 9618
1300 400 122
0432073991
0433139658
1300 957 454
1300 MY PETS (697 387)
0733935919
sales@mybabystore.com.au
03 9780 1807 
(02) 8667 7874
hello@nameandastory.com.au
None
None
1300 555 632 or 02 66856840
+61 2 9623 8118
customerservice@nestetc.com.au
None
newenglandstationery@gmail.com
1300 304 607
61 411556090
None
0410 869 166
support@notjustretro.com.au
1300 541 596
sales@nswcomputers.com.au
help@nursingangel.com.au
None
None
+61 2 9666 8200
(07) 5456 2969
+8675583047776 
0732656228
sales@onlinekeystore.com
1300 351 461
1300 132 151
0393086013
1300 884 763
1300 725 255
0417670620
(02) 9719-1171 
02 888 10 300
1300 665 320
02 99816933
None
None
0437111101
None
03 9780 1805
03 9780 1809
None
None
1300 858 360
1800 693 746
1800 726 737
0433185595
Australia Post Regular, Courier, Australia Post Express, Australia Post eParcel
None
1300 661 215
1300 560 285
02 9882 2280
None
0418 112 008
03 9560 2122
None
03) 4308 0804
None
None
None
None
02 8011 4489 
1300 132 498
02 9894 4223
1300 882 339
store@pets1.com.au
None
1300 074 276
sales@photovideodirect.com.au
0732691122
1300 137 670 - toll free 
1300 790 430 
1300 855 633
customerservice@pinkora.com.au
None
029790 0303
03-97649987
(02)9676-7996
sales@poolshopclearanceoutlet.com.au
None
0754644155
1300 11 58 08
None
sales-group@thcopa.com
1300 997 913
None
02 9037 4175
1300260072
1300 491 531
03 9012 3352
 08 8263 3372
1300 739 896
QAVO.com.au
sales@qldcomputers.com.au
None
None
1800 337 366
1300 130 843
None
1300 305 503
02 9327 85 95 
03 96466867
None
service@rectatech.com
None
Australia Post Regular, Courier, Australia Post eParcel
0455026564
0296308555
None
help@rightbuy.com.au
0086 579 85385591
0408371151
02 9666 4844
02 42440495
02 9568 8888
0432380397
None
8613410317632
International, Australia Post Express, Australia Post eParcel
(07) 3356 7161
sales@saveonit.com.au
None
1800 655 887
None
(07) 40452201
07 5524 3888
info@securitywholesale.com.au
08 8332 1969 / Mob: 0419 169 513
Australia Post Regular, Australia Post Express, Australia Post eParcel
0469 410 957
1300 742837
(02) 4950 9561 
02 8814 8722
02 9881 5893
03 9931 0160
sales@shopoftoys.com.au
0413060953
02 9690 0016
0390244070
02 8338 8899
1300 889 718
1800 655 887
sales@sillymillymoo.com.au
1300 306 844
sales@simplywholesale.com.au
760-487-8245
1300 720 295
0290112078
info@slashsport.com
1300 139 350
info@small-small-world.com.au
03 8692 0056
0411 561318
cs@sneakyfisho.com
None
1800 655 887
02 94998842
1300 556 558
03 9005 8108
(03) 9870-2340
1300 300 683
+612 8004 3033
customerservice@spreester.com.au
0428 360 874
None
1300 665 882
03 9670 0026 or 03 9670 0028
1300 858 394
Courier, Australia Post Express, Australia Post eParcel
1800 655 887
Po Box 11 Coogee NSW 2034
1300 786 345
contact@stylebest.com.au
+61 2 9518 3061
0754387778
International
Surfers Paradise ,Gold Coast
02 9972 9966
0296432278
1800 172 208
0415 991 492
07 55203344
None
None
sales@tascomputers.com.au
1300 936 893
sales@techshack.com.au
1300 832 448
02 9648 1818
teddytreasures@gmail.com
1300 883 319
1800337467
0410438742
0414528343
0433906055
03 9686 7998
1300 880 685
02 9529 3311
None
info@thebettersexshop.com.au
(02) 4363 6000
08 83287032
1300 85 4441
08 9335 8665
None
1800 655 887
None
02 4032 6452
0410 512 585
0414522812
0407 474 156
03 9807 9355
07 5580 9056
sales@thehouseofoojah.com
1300 668 345
0438440246
1800-987-323
International, Australia Post Regular, Courier, Australia Post Express, Warehouse pickup, Australia Post eParcel
None
None
None
1300 795 8288
customerservice@thestreetboutique.com.au
None
1800 909099
1300 66 40 39
None
1300 735 995
02 9818 5909
 (02) 8517 4441 
03.9758.4558
+61 3 9395 5015
info@tinyworld.com.au
+86-755-29194488
1300 866 886
info@top-choice.com.au
0280064866
None
service@topbuy.com.au 
sales@totsntales.com
1800 655 887
sales@toypalaceaustralia.com.au
1300 687 156
03 9334 2392
None
1300 854 229
0404777780
1300 629 035
Courier, Australia Post eParcel
07 47703170
02 4014 1113
None
(08) 9467 2558
info@toytoyou.com
1300 961 747
None
+61(2) 9828 0156
1300 664 291
02 9529 4166
0409 692584
03 9770 2223
86-755-61305969, 86-755-61305970, 86-755-61305971,86-18676726122
08448844779
None
None
(08) 7100 1133
07 46614433
1300 VETPRO (1300 838776)
1300 726 966
02 9644 9979, 0433984988
None
service@vidaxl.com.au
03 9888 8511
07 3250 0000
cs@voilamart.com
08 9446 9800
Courier
None
1300927266
1300 900 675 
1300 788 795
1300 73 42 40
03 9584 8671
02 47829806
0473676534
1300 138 615
0432531512
wigglespiggles@outlook.com
07 5593 4180
webshop@wildpair.co.nz
1300 573 247
0296878828
info@woodentoyswholesaler.com.au
1300 096 633
1-800-818-8394
(02) 8004 7156
1300 853 641
1800 115 535
07 5524 3888
0399398865
1300 76 75 21
shopping@yatango.com
03 8684 9079
+852 2786-0817
+1 800-837-336
02 9624 7882
cservice@yoins.com
02 4323 7795
02 98992893
1300 668 317, Mon-Fri 9.00am-5.30pm
info@zazzi.com.au
07 5524 3888
1300 855 999 (+612 9986 3188)
None
