+61(2) 9828 0156
1300 664 291
(03) 9721 8030
02 9529 4166
0409 692584
03 9770 2223
1300 729 516
8859 0315
1800 603 778
08448844779
07 46614433
1300 726 966
None
None
Courier
1300725644
1300 900 675 
1300 73 42 40
03 9584 8671
02 47829806
02 8039 2252
0432531512
07 5593 4180
webshop@wildpair.co.nz
1300 573 247
+613 9417 0414
info@withpleasure.com.au
1300723066
0732872905
+44 1444 870970
1-800-818-8394
(02) 8004 7156
0399398865
0265523299
03 8684 9079
+852 2786-0817
+1 800-837-336
cservice@yoins.com
07 3286 5860
info@yuppiepalace.com.au
None
1300 668 317, Mon-Fri 9.00am-5.30pm
info@zazzi.com.au
07 5524 3888
1300 855 999 (+612 9986 3188)
None
