 +44 (0)28 9335 2976
sales@checkmeonetime.com.au
0428915227
+86-755-29194488
1300 787 868
1300 305 484
None
sales@clubretail.com.au
+85235860090
86-15918805834
sales@computersgalore.com.au
0423252462
0395516019
(08) 6460 6284
88590315
enquiry@cosme-de.com
1300 524 609
1800 672 649
None
None
enquiry@costumecollection.com.au
02 9487 3333
0296832736
sales@costumes-au.com
03 9988 1137
None
1300 232 111
0395480779
03 9818 5055
1800 104 346
1300 88 23 83
0395214182
None
info@datgirl.com.au
None
61 39459 7877
1300 85 35 69 and +1 888 203 8053
None
customerservice@dealsdirect.com.au
86075526063125
07 54323260
03 9756 0444
inf0@desertlilyvintage.com
0413225841
None
None
1800 891 006
1300 365 220
02 8411 1798
1300 307 978
info@discreettiger.com
None
None
0243675512
1300 238 288
858.634.5597
None
hello@dollboxx.com
0411798350
info@dressxox.com.au
None
853 Broadway, 19th Fl New York, NY 10003
07 37330966
1300 369 295
(+86) 1325-1450-961
1300 760 664 
PO Box 3037 Kirrawee NSW 2232
None
(02) 8307 0302
None
(07) 5309 3310
None
0754472694
sales@eroticfem.com.au
1300446707
sales@esold.com.au
0061 1800 388 488
1300 364 828
1300 394 833
1300 554 685
08 9467 4025
None
customerservice@ezisports.com.au
1800 148 148
+919375108448
admin@faire.com.au
1300 229 706
1300 924 860
+613 9417 0414
0398277752
None
(02) 9487 4888
03 9553 4999
07 5502 6226
Admin@findsomethingspecial.com.au
0397939588
0438 82 1305
info@fishgutz.co.nz
(02)42969222
www.fishpond.com.au/Help
