0755243888
1300 634 228
None
1300 432 661
1300 418 494
02 92642744
1800 235 817
0412344465
1300 638 889
0363806077
customercare@missmoncur.com
0418145655
None
1300764011
+61 (0)89 467 2262
None
Paypal, Visa, MasterCard
07 3139 1499
Australia Post Regular, Australia Post Express
+61498145810
1300727446
1300 871 290
1300 MY PETS (697 387)
info@myhealthhub.com.au
None
+86-756-3338533
1300 19 11 99
+61 2 9623 8118
None
Australia Post Express
02 9319 0023
None
sales@nswcomputers.com.au
07 3904 2550
help@nursingangel.com.au
1300 837 785
None
None
0400858002
None
+61 2 9666 8200
(07) 5456 2969
+8675583047776 
1300102707
0407095106
1300 351 461
1300 132 151
0393086013
02 99816933
admin@ovedshorseandpetstore.com.au 
None
None
None
03 9780 1804
None
0086-571-81560036
02 9970 7999
None
1300 661 215
1300 560 285
0418 112 008
None
03) 4308 0804
None
None
02 9894 4223
1300 882 339
None
02-9877 6653
sales@photovideodirect.com.au
1300 137 670 - toll free 
customerservice@pinkora.com.au
None
None
1300 657 753
Paypal, Visa, MasterCard
03-97649987
03 5623 4369
Australia Post Regular, Australia Post Express
02-80047677
02 9037 4175
02 8068 4178
0419 799 626
 08 8263 3372
1300 739 896
info@pyjamas.com.au
1300 PREGGY (773 449)
None
0352242909
1800 337 366
1300 657 286
02 9327 85 95 
03 96466867
None
service@rectatech.com
03 9329 1222
help@rightbuy.com.au
07 5543 2261
0086 579 85385591
0438 005 191
