customercare@fitnessjunky.com.au
(07) 4743 8745
02 8810 9194
None
+613 9417 0414
support@urbanities.com.au
delphine@frenchfashiononline.com
1300551255
+44(0)1229 400620
None
1.888.402.2680
None
info@games101.com.au
International, Australia Post Regular, Australia Post Express
1800 4 GENESIS (1800 443 637)
baggage@y7mail.com
None
03 9546 1188
88505767
0405090997
None
(03) 9721 8020
0416888492
None
1800 652 211
0413291998
None
0434211223
1800 688 644
None
None
None
1300 631 171
0064 800 245 247
03 5973 5356
None
customerservice@himstr.com.au
1300 791 744
None
Melbourne, Australia
hello@huntingforgeorge.com
0414 755 741
1300 733 515
1300 654 201
None
02 6551 3738
1800456252
1-248-268-3343
None
1300 303 303
1300 882 503
(03) 8353 2319
info@intimatecouture.com.au
sales@invictagifts.com.au
0755546699
042 303 7726
1800 289 555
02 8004 3033
None
None
0398176639 
+61412232324
None
None
02 9771 4565
+61(0)412278488
0449591668
(02) 9700 0676
0433260978
Courier
0412 639530
shop@Koogal.com.au
None
None
None
0410205482
1300 528 378
+61 2 8004 0224
1800 640 074 / outside Australia +61 7 5641 4472
1-650-384-0897
Australia Post Regular, Courier
(08) 8379 1754
1300405876
02 89852690 
02-95621110
07-3846-6411
None
03 9329 4343
03 9874 4397
1800 251 252
0 02 8007 5370
customerservice@manbase.com.au
0385552123
(02) 9211 2088
08 9535 3754
None
1800 154 713
03 8679 4530
None
02 9652 2345
