1800 337 366
None
0393763886
None
None
03 9329 1222
02 9666 4844
1300 760 125
0396902212
02 9568 8888
1300 937 935
0432380397
None
8613410317632
International, Australia Post Express, Australia Post eParcel
(07) 3356 7161
None
None
07 5524 3888
1800 69 2225
1300 742837
sales@simplywholesale.com.au
0290112078
03 8692 0056
0437 254923
02 94998842
1300 308 002
None
None
(03) 9870-2340
1300 300 683
+612 8004 3033
customerservice@spreester.com.au
None
None
1300 858 394
Surfers Paradise ,Gold Coast
1800 172 208
1300 722 341
sales@tascomputers.com.au
1300 832 448
02 9648 1818
1800 837 837
1800 509 829
1300 880 685
02 9529 3311
(02) 4363 6000
1-800-CARKIT (227 548)
08 9335 8665
(03) 9363 5999
1800-987-323
International, Australia Post Regular, Courier, Australia Post Express, Warehouse pickup, Australia Post eParcel
None
1800 909099
1300 735 995
+86-755-29194488
03 9018 9096
service@topbuy.com.au 
02 4014 1113
None
+61(2) 9828 0156
0412942353
1300554878
None
1300738040
1800 603 778
None
service@vidaxl.com.au
03 9888 8511
cs@voilamart.com
(03) 9016 3340
None
(08) 8352 1006
1300927266
None
1300 900 675 
1300 788 795
None
1300 573 247
1300 096 633
07 5524 3888
02 43884994
+1 800-837-336
02 4323 7795
None
